{
 "cells": [
  {
   "cell_type": "code",
   "execution_count": 1,
   "metadata": {},
   "outputs": [],
   "source": [
    "import numpy as np\n",
    "from sklearn import datasets\n",
    "import matplotlib.pyplot as plt    \n",
    "from sklearn.cluster import KMeans"
   ]
  },
  {
   "cell_type": "code",
   "execution_count": 3,
   "metadata": {},
   "outputs": [
    {
     "name": "stdout",
     "output_type": "stream",
     "text": [
      "===========第0次 run==============\n",
      "[[1.25166667e+01 2.49420290e+00 2.28855072e+00 2.08231884e+01\n",
      "  9.23478261e+01 2.07072464e+00 1.75840580e+00 3.90144928e-01\n",
      "  1.45188406e+00 4.08695651e+00 9.41159420e-01 2.49072464e+00\n",
      "  4.58231884e+02]\n",
      " [1.38044681e+01 1.88340426e+00 2.42617021e+00 1.70234043e+01\n",
      "  1.05510638e+02 2.86723404e+00 3.01425532e+00 2.85319149e-01\n",
      "  1.91042553e+00 5.70255319e+00 1.07829787e+00 3.11404255e+00\n",
      "  1.19514894e+03]\n",
      " [1.29298387e+01 2.50403226e+00 2.40806452e+00 1.98903226e+01\n",
      "  1.03596774e+02 2.11112903e+00 1.58403226e+00 3.88387097e-01\n",
      "  1.50338710e+00 5.65032258e+00 8.83967742e-01 2.36548387e+00\n",
      "  7.28338710e+02]]\n",
      "===========y=0==============\n",
      "0 samples from class 0\n",
      "50 samples from class 1\n",
      "19 samples from class 2\n",
      "===========y=1==============\n",
      "46 samples from class 0\n",
      "1 samples from class 1\n",
      "0 samples from class 2\n",
      "===========y=2==============\n",
      "13 samples from class 0\n",
      "20 samples from class 1\n",
      "29 samples from class 2\n",
      "===========第1次 run==============\n",
      "[[1.25166667e+01 2.49420290e+00 2.28855072e+00 2.08231884e+01\n",
      "  9.23478261e+01 2.07072464e+00 1.75840580e+00 3.90144928e-01\n",
      "  1.45188406e+00 4.08695651e+00 9.41159420e-01 2.49072464e+00\n",
      "  4.58231884e+02]\n",
      " [1.29298387e+01 2.50403226e+00 2.40806452e+00 1.98903226e+01\n",
      "  1.03596774e+02 2.11112903e+00 1.58403226e+00 3.88387097e-01\n",
      "  1.50338710e+00 5.65032258e+00 8.83967742e-01 2.36548387e+00\n",
      "  7.28338710e+02]\n",
      " [1.38044681e+01 1.88340426e+00 2.42617021e+00 1.70234043e+01\n",
      "  1.05510638e+02 2.86723404e+00 3.01425532e+00 2.85319149e-01\n",
      "  1.91042553e+00 5.70255319e+00 1.07829787e+00 3.11404255e+00\n",
      "  1.19514894e+03]]\n",
      "===========y=0==============\n",
      "0 samples from class 0\n",
      "50 samples from class 1\n",
      "19 samples from class 2\n",
      "===========y=1==============\n",
      "13 samples from class 0\n",
      "20 samples from class 1\n",
      "29 samples from class 2\n",
      "===========y=2==============\n",
      "46 samples from class 0\n",
      "1 samples from class 1\n",
      "0 samples from class 2\n",
      "===========第2次 run==============\n",
      "[[1.29298387e+01 2.50403226e+00 2.40806452e+00 1.98903226e+01\n",
      "  1.03596774e+02 2.11112903e+00 1.58403226e+00 3.88387097e-01\n",
      "  1.50338710e+00 5.65032258e+00 8.83967742e-01 2.36548387e+00\n",
      "  7.28338710e+02]\n",
      " [1.25166667e+01 2.49420290e+00 2.28855072e+00 2.08231884e+01\n",
      "  9.23478261e+01 2.07072464e+00 1.75840580e+00 3.90144928e-01\n",
      "  1.45188406e+00 4.08695651e+00 9.41159420e-01 2.49072464e+00\n",
      "  4.58231884e+02]\n",
      " [1.38044681e+01 1.88340426e+00 2.42617021e+00 1.70234043e+01\n",
      "  1.05510638e+02 2.86723404e+00 3.01425532e+00 2.85319149e-01\n",
      "  1.91042553e+00 5.70255319e+00 1.07829787e+00 3.11404255e+00\n",
      "  1.19514894e+03]]\n",
      "===========y=0==============\n",
      "13 samples from class 0\n",
      "20 samples from class 1\n",
      "29 samples from class 2\n",
      "===========y=1==============\n",
      "0 samples from class 0\n",
      "50 samples from class 1\n",
      "19 samples from class 2\n",
      "===========y=2==============\n",
      "46 samples from class 0\n",
      "1 samples from class 1\n",
      "0 samples from class 2\n",
      "===========第3次 run==============\n",
      "[[1.29298387e+01 2.50403226e+00 2.40806452e+00 1.98903226e+01\n",
      "  1.03596774e+02 2.11112903e+00 1.58403226e+00 3.88387097e-01\n",
      "  1.50338710e+00 5.65032258e+00 8.83967742e-01 2.36548387e+00\n",
      "  7.28338710e+02]\n",
      " [1.38044681e+01 1.88340426e+00 2.42617021e+00 1.70234043e+01\n",
      "  1.05510638e+02 2.86723404e+00 3.01425532e+00 2.85319149e-01\n",
      "  1.91042553e+00 5.70255319e+00 1.07829787e+00 3.11404255e+00\n",
      "  1.19514894e+03]\n",
      " [1.25166667e+01 2.49420290e+00 2.28855072e+00 2.08231884e+01\n",
      "  9.23478261e+01 2.07072464e+00 1.75840580e+00 3.90144928e-01\n",
      "  1.45188406e+00 4.08695651e+00 9.41159420e-01 2.49072464e+00\n",
      "  4.58231884e+02]]\n",
      "===========y=0==============\n",
      "13 samples from class 0\n",
      "20 samples from class 1\n",
      "29 samples from class 2\n",
      "===========y=1==============\n",
      "46 samples from class 0\n",
      "1 samples from class 1\n",
      "0 samples from class 2\n",
      "===========y=2==============\n",
      "0 samples from class 0\n",
      "50 samples from class 1\n",
      "19 samples from class 2\n",
      "===========第4次 run==============\n",
      "[[1.38044681e+01 1.88340426e+00 2.42617021e+00 1.70234043e+01\n",
      "  1.05510638e+02 2.86723404e+00 3.01425532e+00 2.85319149e-01\n",
      "  1.91042553e+00 5.70255319e+00 1.07829787e+00 3.11404255e+00\n",
      "  1.19514894e+03]\n",
      " [1.29298387e+01 2.50403226e+00 2.40806452e+00 1.98903226e+01\n",
      "  1.03596774e+02 2.11112903e+00 1.58403226e+00 3.88387097e-01\n",
      "  1.50338710e+00 5.65032258e+00 8.83967742e-01 2.36548387e+00\n",
      "  7.28338710e+02]\n",
      " [1.25166667e+01 2.49420290e+00 2.28855072e+00 2.08231884e+01\n",
      "  9.23478261e+01 2.07072464e+00 1.75840580e+00 3.90144928e-01\n",
      "  1.45188406e+00 4.08695651e+00 9.41159420e-01 2.49072464e+00\n",
      "  4.58231884e+02]]\n",
      "===========y=0==============\n",
      "46 samples from class 0\n",
      "1 samples from class 1\n",
      "0 samples from class 2\n",
      "===========y=1==============\n",
      "13 samples from class 0\n",
      "20 samples from class 1\n",
      "29 samples from class 2\n",
      "===========y=2==============\n",
      "0 samples from class 0\n",
      "50 samples from class 1\n",
      "19 samples from class 2\n"
     ]
    }
   ],
   "source": [
    "raw = datasets.load_wine()\n",
    "\n",
    "# Sample features are in df_X. Shape of df_X is 178 x 13\n",
    "df_X = raw.data\n",
    "# Sample labels are in df_y. Shaper of df_y is 178, 3 classes 0,1, 2\n",
    "# samples are 59, 78, 41 in each class\n",
    "df_y = raw.target\n",
    "\n",
    "test_values=0\n",
    "while test_values<=4:\n",
    "    print(\"===========第{}次 run==============\".format(test_values))\n",
    "    kmeans = KMeans(n_clusters=3)\n",
    "    kmeans.fit(df_X)\n",
    "    cluster_y = kmeans.predict(df_X)\n",
    "\n",
    "    print(kmeans.cluster_centers_)\n",
    "\n",
    "    cluster_0 = (cluster_y == 0)\n",
    "    cluster_1 = (cluster_y == 1)\n",
    "    cluster_2 = (cluster_y == 2)\n",
    "    \n",
    "    y_0 = (df_y == 0)\n",
    "    y_1 = (df_y == 1)\n",
    "    y_2 = (df_y == 2)\n",
    "\n",
    "    for i in range(0,3):\n",
    "        # check which class cluster 0 belongs\n",
    "        print(\"===========y={}==============\".format(i))\n",
    "        if i == 0:\n",
    "            from_0 = np.logical_and(y_0 , cluster_0)\n",
    "            print(np.sum(from_0), \"samples from class 0\")\n",
    "            from_1 = np.logical_and(y_1 , cluster_0)\n",
    "            print(np.sum(from_1),\"samples from class 1\")\n",
    "            from_2 = np.logical_and(y_2 , cluster_0)\n",
    "            print(np.sum(from_2),\"samples from class 2\")\n",
    "        if i == 1:\n",
    "            from_0 = np.logical_and(y_0 , cluster_1)\n",
    "            print(np.sum(from_0), \"samples from class 0\")\n",
    "            from_1 = np.logical_and(y_1 , cluster_1)\n",
    "            print(np.sum(from_1),\"samples from class 1\")\n",
    "            from_2 = np.logical_and(y_2 , cluster_1)\n",
    "            print(np.sum(from_2),\"samples from class 2\")\n",
    "\n",
    "        if i == 2:\n",
    "            from_0 = np.logical_and(y_0 , cluster_2)\n",
    "            print(np.sum(from_0), \"samples from class 0\")\n",
    "            from_1 = np.logical_and(y_1 , cluster_2)\n",
    "            print(np.sum(from_1),\"samples from class 1\")\n",
    "            from_2 = np.logical_and(y_2 , cluster_2)\n",
    "            print(np.sum(from_2),\"samples from class 2\")\n",
    "    test_values+=1"
   ]
  },
  {
   "cell_type": "markdown",
   "metadata": {},
   "source": [
    "### 在每次分類時，中心點位置都會選擇不同方式"
   ]
  },
  {
   "cell_type": "code",
   "execution_count": null,
   "metadata": {},
   "outputs": [],
   "source": []
  }
 ],
 "metadata": {
  "kernelspec": {
   "display_name": "Python 3",
   "language": "python",
   "name": "python3"
  },
  "language_info": {
   "codemirror_mode": {
    "name": "ipython",
    "version": 3
   },
   "file_extension": ".py",
   "mimetype": "text/x-python",
   "name": "python",
   "nbconvert_exporter": "python",
   "pygments_lexer": "ipython3",
   "version": "3.7.9"
  }
 },
 "nbformat": 4,
 "nbformat_minor": 4
}
